0 805 1604 3539 5 548 1592 102 3638 5 826 4747 2117 13954 0 700 0 6556 6611 7070 464 1724 779 20 2139 101 
1036 500 0 3 3926 0 0 0 1088 6 0 997 3 0 1739 0 0 988 56 87 2288 9 1 0 619 0 
1791 0 127 0 1817 0 0 1976 369 0 1412 800 0 0 2467 0 2 793 59 325 277 0 0 0 29 0 
1678 40 1 575 4374 33 244 65 1468 2 2 479 19 92 3482 0 0 656 1159 1 258 84 216 0 392 0 
5528 106 834 7788 3972 935 501 267 1069 5 74 3652 2021 6892 126 942 19 11649 5240 2236 4 1265 769 297 2795 12 
1420 0 0 0 1246 523 0 0 1101 0 0 506 0 0 3309 0 0 2287 39 882 462 0 1 0 14 0 
1770 5 0 16 1800 0 271 2734 753 0 0 520 9 129 1924 0 0 1336 529 94 429 0 21 0 12 0 
8285 7 1 42 24847 25 0 0 6514 0 0 62 15 2 3441 0 1 591 103 1872 342 0 73 0 153 0 
275 138 1094 3544 1530 1171 1776 6 6 0 511 3700 2075 14162 604 452 3 2556 5104 6252 2 791 1 36 0 110 
20 0 0 0 39 0 0 0 3 0 0 0 0 0 193 0 0 0 0 0 180 0 0 0 0 0 
16 3 0 0 2275 25 3 30 754 0 0 175 1 679 35 0 0 1 285 0 0 20 36 0 117 0 
2847 341 34 2574 5074 917 21 5 3025 0 425 5618 121 7 3446 115 0 272 568 489 341 523 51 0 2265 0 
2160 440 0 6 4656 46 26 2 1497 0 0 168 196 36 1884 504 0 207 393 3 639 0 2 0 670 0 
524 26 1010 12705 3808 76 7821 46 1374 11 570 687 23 438 4424 9 23 20 1247 3045 131 69 59 40 1036 1 
646 613 244 2066 142 5600 215 53 657 0 1109 1903 3251 6540 2916 881 0 7120 1095 3063 8652 861 3952 12 84 13 
1319 1 0 0 2039 1 0 26 906 0 9 682 1 0 1154 779 0 677 228 331 267 0 11 0 33 0 
0 0 0 0 0 0 0 0 0 0 0 0 0 0 0 0 0 0 1 0 451 0 0 0 0 0 
2118 116 360 1804 10851 164 270 112 3787 2 603 439 370 1411 5208 127 0 900 1919 1398 645 186 155 0 1270 1 
3131 2 281 27 4394 13 20 2644 1959 0 396 608 296 165 2019 887 27 1 1610 6135 1040 0 481 0 64 0 
1879 4 244 0 3950 72 1 26605 2110 0 0 689 17 18 6433 7 0 1983 1353 1028 736 0 460 0 371 0 
177 198 588 493 540 49 1270 1 489 0 3 1706 433 2668 9 1042 0 2676 1850 3745 0 18 0 2 4 10 
330 0 0 0 5190 0 0 0 639 0 0 0 0 0 233 0 0 1 0 0 1 0 0 0 50 0 
5099 0 1 18 4129 3 0 2501 3112 0 7 168 4 939 1714 0 0 157 340 8 11 0 2 0 18 0 
13 0 93 0 29 0 0 3 58 0 0 0 0 0 0 110 0 0 0 62 2 0 0 0 0 0 
47 105 2 0 936 9 0 4 217 0 0 22 18 9 2517 3 0 4 344 99 2 0 94 0 0 0 
87 0 0 0 113 0 5 0 31 0 0 15 0 0 2 0 0 0 0 0 1 0 0 0 6 22 
